1	04 March 	22	28	0	3	0	0
2	05 March 	2	30	0	3	0	0
3	06 March 	1	31	0	3	0	0
4	07 March 	3	34	0	3	0	0
5	08 March 	5	39	0	3	0	0
6	09 March 	9	48	0	3	0	0
7	10 March 	15	63	1	4	0	0
8	11 March 	7	70	0	4	0	0
9	12 March 	12	82	0	4	1	1
10	13 March 	9	91	6	10	0	1
11	14 March 	16	107	0	10	1	2
12	15 March 	6	113	3	13	0	2
13	16 March 	14	127	1	14	0	2
14	17 March 	19	146	1	15	1	3
15	18 March 	25	171	0	15	0	3
16	19 March 	28	199	5	20	1	4
17	20 March 	59	258	3	23	0	4
18	21 March 	76	334	0	23	0	4
19	22 March 	69	403	0	23	3	7
20	23 March 	102	505	2	25	2	9
21	24 March 	66	571	15	40	1	10
22	25 March 	86	657	3	43	1	11
23	26 March 	78	735	7	50	5	16
24	27 March 	151	886	25	75	3	19
25	28 March 	143	1029	10	85	5	24
26	29 March 	110	1139	17	102	3	27
27	30 March 	208	1347	35	137	16	43
28	31 March 	272	1619	13	150	6	49

							
